G10_after_closing_and_opening_img_SNR=13.396843853688729
G10_after_opening_and_closing_img_SNR=13.039510012950224
G10_afterboxfilterimg_kernalsize3_SNR=16.37540820219063
G10_afterboxfilterimg_kernalsize5_SNR=13.592535503996881
G10_aftermedianfilterimg_kernalsize3_SNR=17.5363122938732
G10_aftermedianfilterimg_kernalsize5_SNR=15.819934425538808
G30_after_closing_and_opening_img_SNR=10.393163724376791
G30_after_opening_and_closing_img_SNR=10.345548278077263
G30_afterboxfilterimg_kernalsize3_SNR=12.165793041112227
G30_afterboxfilterimg_kernalsize5_SNR=12.406518221124614
G30_aftermedianfilterimg_kernalsize3_SNR=11.006388553099667
G30_aftermedianfilterimg_kernalsize5_SNR=12.613262879520427
gaussian_noise_10_SNR=13.593328047807036
gaussian_noise_30_SNR=4.168289185910043
salt_and_pepper_p0.05_img_SNR=0.9578462215853133
salt_and_pepper_p0.1_img_SNR=-2.080381835291568
SP0.05_after_closing_and_opening_img_SNR=5.106336622929085
SP0.05_after_opening_and_closing_img_SNR=5.03147121314999
SP0.05_afterboxfilterimg_kernalsize3_SNR=9.29483508739833
SP0.05_afterboxfilterimg_kernalsize5_SNR=10.606164268099603
SP0.05_aftermedianfilterimg_kernalsize3_SNR=18.873556070789903
SP0.05_aftermedianfilterimg_kernalsize5_SNR=15.9345619652435
SP0.1_after_closing_and_opening_img_SNR=-2.5037053888707965
SP0.1_after_opening_and_closing_img_SNR=-2.183867319563431
SP0.1_afterboxfilterimg_kernalsize3_SNR=6.292178547242253
SP0.1_afterboxfilterimg_kernalsize5_SNR=8.270325992980382
SP0.1_aftermedianfilterimg_kernalsize3_SNR=14.241432321665803
SP0.1_aftermedianfilterimg_kernalsize5_SNR=14.36154259597881
